Participant	Concept	sadness	shame	anger	pride
1	death	-2.10	1.31	-1.40	-4.00
1	carefree	-2.55	-2.37	0.80	-1.21
1	good	-6.02	0.71	-0.38	-0.93
1	cruelty	6.87	1.09	-2.67	-3.25
1	praise	-5.09	0.59	4.48	0.30
1	trouble	0.11	1.11	-0.79	-3.87
2	death	3.46	1.75	-0.29	-0.92
2	carefree	0.60	-1.81	-0.53	-3.26
2	good	1.53	2.09	0.16	2.75
2	cruelty	0.37	-0.57	-0.45	4.50
2	praise	0.84	1.69	0.02	4.57
2	trouble	0.92	2.74	1.33	-6.89
3	death	-1.97	1.06	-0.06	-2.62
3	carefree	1.77	-1.54	-2.92	-4.26
3	good	-0.67	1.15	-1.93	1.23
3	cruelty	1.19	2.34	3.62	4.04
3	praise	-1.15	0.56	1.56	-3.92
3	trouble	1.57	-1.31	2.00	2.13
4	death	3.19	-0.75	-0.11	1.07
4	carefree	2.50	0.45	-1.27	-1.64
4	good	3.63	0.04	-0.98	-1.30
4	cruelty	-0.81	-0.13	-0.42	-1.46
4	praise	-6.03	-1.81	2.59	-1.32
4	trouble	1.13	1.24	0.49	-0.98
5	death	5.92	2.11	-0.60	-1.32
5	carefree	-3.04	-2.72	0.72	4.94
5	good	6.82	1.45	-2.93	-3.64
5	cruelty	1.96	-1.63	-3.05	1.52
5	praise	2.15	-0.69	1.68	-1.38
5	trouble	0.26	2.23	0.94	-6.27
6	death	-2.79	0.00	1.45	1.11
6	carefree	1.74	1.88	0.78	-2.16
6	good	-2.15	-2.03	0.59	1.85
6	cruelty	1.74	0.59	-1.30	3.19
6	praise	8.26	2.31	-1.67	-1.94
6	trouble	-3.90	-0.66	-1.15	5.80
7	death	4.74	1.41	-1.37	-0.39
7	carefree	2.91	-0.20	1.31	-5.11
7	good	2.24	-2.80	-3.37	1.71
7	cruelty	4.17	2.79	-3.27	3.30
7	praise	-1.14	0.41	0.49	-2.87
7	trouble	2.17	-1.08	-1.69	4.49
8	death	3.26	-0.14	-1.88	-0.21
8	carefree	3.56	0.46	-1.15	-1.99
8	good	-1.16	-0.10	0.97	1.50
8	cruelty	6.58	2.67	2.73	-3.11
8	praise	0.73	0.00	2.14	-1.13
8	trouble	1.96	2.29	0.94	-2.75
9	death	-1.97	-1.59	0.30	5.07
9	carefree	3.99	-0.30	-5.01	-4.77
9	good	-6.11	-1.20	0.33	3.13
9	cruelty	2.04	1.22	0.55	1.16
9	praise	7.38	-0.47	-1.46	-1.66
9	trouble	3.62	0.06	0.11	1.44
10	death	0.25	-0.20	0.46	-3.74
10	carefree	2.01	-3.26	-3.74	-2.50
10	good	-2.22	-0.55	-0.69	3.91
10	cruelty	0.35	1.58	0.11	4.10
10	praise	0.90	0.03	-2.29	1.97
10	trouble	-0.61	3.62	1.59	4.15
11	death	0.22	-0.79	-0.39	-0.49
11	carefree	-2.33	-0.33	-0.19	-3.61
11	good	-0.93	-0.94	0.53	-4.32
11	cruelty	3.12	2.24	-4.28	-1.06
11	praise	-3.94	0.12	2.49	1.80
11	trouble	3.12	-1.13	-4.71	-3.17
12	death	7.61	2.03	-1.50	-5.22
12	carefree	-2.47	-0.32	2.32	3.28
12	good	-4.74	0.44	-0.03	-1.86
12	cruelty	1.65	0.02	-5.29	-1.18
12	praise	2.79	-1.93	-2.64	0.28
12	trouble	0.61	-3.73	-2.66	-2.00
13	death	-0.17	-1.48	-3.21	1.04
13	carefree	-0.27	-0.13	-0.02	-1.04
13	good	5.07	0.58	-3.10	-0.18
13	cruelty	-2.24	2.31	1.52	-0.92
13	praise	6.46	0.71	-1.61	-1.38
13	trouble	2.91	-0.83	0.29	2.71
14	death	-1.10	1.28	-1.96	0.63
14	carefree	-5.26	0.31	4.65	-0.89
14	good	1.35	-2.44	-3.05	1.48
14	cruelty	-1.90	0.80	4.45	0.80
14	praise	4.67	1.58	-1.44	-3.91
14	trouble	0.77	-1.71	-2.57	2.71
15	death	5.99	-1.66	-3.97	-2.57
15	carefree	-5.47	-0.06	2.99	-0.97
15	good	2.24	0.88	-0.86	0.52
15	cruelty	-3.94	-1.99	1.17	6.50
15	praise	1.51	3.75	0.66	0.75
15	trouble	0.56	0.03	-1.45	-4.28
16	death	4.86	0.06	-2.07	2.37
16	carefree	1.81	-2.14	-2.56	-0.32
16	good	-1.97	1.02	0.46	-0.05
16	cruelty	-1.61	2.61	1.04	0.72
16	praise	-0.35	-0.08	-0.49	-1.28
16	trouble	1.53	1.02	-0.17	-0.41
17	death	-1.75	-0.25	2.60	0.62
17	carefree	0.32	1.00	2.03	-3.16
17	good	-2.89	-1.41	0.95	-0.22
17	cruelty	-1.87	-1.87	-3.06	2.86
17	praise	-3.72	-0.28	2.20	4.52
17	trouble	1.58	1.53	-0.87	0.09
18	death	0.39	-1.28	-0.88	2.24
18	carefree	0.19	1.59	0.28	1.46
18	good	4.28	0.20	-1.19	-0.64
18	cruelty	8.89	0.76	-1.90	-5.93
18	praise	-6.33	0.80	2.95	0.32
18	trouble	-0.92	-0.56	0.37	-0.63
19	death	-2.12	-1.40	-2.52	2.60
19	carefree	0.73	2.32	-1.22	2.66
19	good	3.37	2.64	-4.01	-3.44
19	cruelty	-8.70	-3.81	2.58	1.49
19	praise	3.62	2.33	-1.19	-2.95
19	trouble	2.25	3.13	1.14	-3.55
20	death	-0.89	-0.87	-0.93	-2.08
20	carefree	-3.88	-1.34	0.10	4.89
20	good	2.02	-0.65	-5.45	2.05
20	cruelty	-0.26	-1.92	-1.68	-2.02
20	praise	-7.03	-0.69	4.16	6.76
20	trouble	3.33	1.14	-2.06	-3.27
21	death	1.27	-2.26	-3.06	-1.97
21	carefree	-4.29	4.77	6.09	-1.17
21	good	-2.51	-0.40	-0.51	-2.69
21	cruelty	-4.24	1.52	1.33	1.98
21	praise	-0.94	2.20	0.76	0.77
21	trouble	-9.63	-0.31	2.20	3.58
22	death	3.07	-3.46	-3.86	-2.20
22	carefree	-1.18	-3.78	-1.24	-0.78
22	good	1.90	2.91	-2.08	-3.11
22	cruelty	4.33	1.76	-2.14	-0.66
22	praise	-0.72	3.12	5.73	1.71
22	trouble	1.50	2.21	3.16	4.69
23	death	-7.04	0.53	4.00	5.64
23	carefree	-2.59	0.02	0.20	2.77
23	good	-1.71	-0.05	0.60	3.14
23	cruelty	3.69	1.94	-0.19	-2.82
23	praise	3.30	3.22	1.54	-3.08
23	trouble	1.36	0.06	0.51	-1.04
24	death	2.07	-0.14	1.74	-4.96
24	carefree	-1.29	0.77	0.18	-1.04
24	good	3.20	1.91	-2.94	-4.12
24	cruelty	-0.89	0.15	2.07	-0.96
24	praise	-1.69	0.07	0.75	3.25
24	trouble	-2.22	-3.05	0.93	1.45
25	death	-1.56	-1.28	-2.89	-3.09
25	carefree	7.43	-1.00	-2.26	-2.03
25	good	-2.35	-0.36	1.05	1.31
25	cruelty	0.46	-1.15	1.90	-1.16
25	praise	2.49	4.59	4.73	3.91
25	trouble	2.87	-0.53	-1.56	2.24
26	death	-6.42	-0.65	2.73	-2.88
26	carefree	4.00	-0.03	-2.09	1.47
26	good	3.25	0.28	0.85	-2.43
26	cruelty	-5.41	0.12	0.43	-0.60
26	praise	-2.21	1.13	1.95	2.15
26	trouble	-7.09	-3.76	2.04	-0.08
27	death	3.04	-2.22	-4.86	3.38
27	carefree	1.53	0.99	0.50	-1.16
27	good	-1.45	3.00	2.25	3.91
27	cruelty	-1.02	3.97	4.88	-0.76
27	praise	0.96	-1.28	-0.08	-0.37
27	trouble	-5.65	-0.21	4.96	2.92
28	death	-3.65	0.14	-0.41	-1.36
28	carefree	-3.78	-0.41	0.87	1.14
28	good	0.99	1.74	0.24	-0.86
28	cruelty	-1.58	0.97	0.08	-0.36
28	praise	0.94	0.78	-2.28	-3.25
28	trouble	-1.88	-0.63	1.77	3.72
29	death	-2.96	1.38	2.80	-0.16
29	carefree	-8.91	0.81	4.40	4.30
29	good	-1.55	2.07	1.79	-0.04
29	cruelty	-5.22	1.84	2.79	-0.02
29	praise	-0.95	-0.37	0.73	0.58
29	trouble	0.13	-0.95	-2.02	1.59
30	death	-3.00	-0.66	1.44	1.61
30	carefree	-8.00	1.56	2.50	0.29
30	good	1.19	-0.38	-1.27	-0.88
30	cruelty	1.71	-1.20	-3.53	-2.01
30	praise	-0.65	0.83	0.86	1.71
30	trouble	0.05	1.39	1.57	-0.35
31	death	5.04	1.14	0.28	-1.14
31	carefree	4.96	0.21	-0.66	-3.28
31	good	-1.18	-0.67	-6.17	2.02
31	cruelty	0.94	0.23	1.36	-0.59
31	praise	-10.28	-1.05	1.87	5.86
31	trouble	-3.30	-3.23	2.42	0.80
32	death	3.97	-2.68	-4.10	-0.77
32	carefree	6.05	-1.01	-1.42	-0.54
32	good	0.69	3.30	1.18	1.47
32	cruelty	1.29	-0.94	-1.14	-3.55
32	praise	1.45	0.23	1.58	-2.35
32	trouble	-3.07	1.19	3.17	3.57
33	death	-1.84	-0.25	-0.03	1.17
33	carefree	3.49	-2.05	-1.62	1.09
33	good	1.53	2.66	2.61	-4.39
33	cruelty	0.18	2.97	2.28	-0.99
33	praise	-0.17	0.65	0.74	1.07
33	trouble	-1.73	-1.11	0.94	-2.35
34	death	-0.48	-2.34	-1.33	4.90
34	carefree	-11.11	-1.57	0.65	4.57
34	good	1.39	-1.06	-4.44	0.82
34	cruelty	-0.86	3.41	3.53	-5.32
34	praise	-1.54	6.76	5.82	-4.43
34	trouble	3.98	-0.64	1.51	3.52
